1 0.785953 0.221766 0.151616 0.234086
1 0.889632 0.515400 0.104794 0.221766
1 0.628763 0.711499 0.122631 0.199179
1 0.439242 0.455852 0.131550 0.193018
1 0.326087 0.651951 0.190635 0.195072
1 0.309922 0.314168 0.131550 0.164271
1 0.121516 0.250513 0.129320 0.209446
1 0.221851 0.180698 0.136009 0.193018
1 0.118172 0.661191 0.136009 0.291581
2 0.756410 0.476386 0.043478 0.139630
2 0.604794 0.567762 0.268673 0.211499
2 0.664437 0.217659 0.216276 0.283368
2 0.293757 0.866530 0.076923 0.184805
2 0.170569 0.571869 0.227425 0.474333
