1 0.444816 0.455852 0.080268 0.098563
1 0.901338 0.513347 0.065775 0.164271
1 0.688963 0.498973 0.060201 0.114990
1 0.779264 0.175565 0.149387 0.174538
1 0.457079 0.135524 0.142698 0.127310
1 0.179487 0.129363 0.066890 0.106776
1 0.305463 0.412731 0.127090 0.271047
1 0.190078 0.372690 0.125975 0.314168
1 0.130435 0.669405 0.156076 0.271047
1 0.448718 0.590349 0.110368 0.137577
1 0.604236 0.788501 0.167224 0.176591
2 0.538462 0.196099 0.677815 0.084189
2 0.808250 0.614990 0.173913 0.671458
2 0.579710 0.713552 0.443701 0.215606
