1 0.636009 0.195072 0.123746 0.164271
1 0.399108 0.672485 0.127090 0.125257
1 0.399666 0.819302 0.096990 0.123203
1 0.550725 0.824435 0.127090 0.129363
1 0.720178 0.669405 0.151616 0.156057
1 0.411371 0.400411 0.082497 0.090349
1 0.106466 0.264887 0.085842 0.131417
1 0.158863 0.368583 0.081382 0.108830
1 0.385173 0.525667 0.061315 0.102669
2 0.324415 0.522587 0.107023 0.856263
2 0.638796 0.739220 0.173913 0.414784
1 0.528986 0.682752 0.079153 0.125257
2 0.573021 0.243326 0.100334 0.071869
1 0.424749 0.273101 0.031215 0.073922
