1 0.662765 0.244353 0.085842 0.131417
1 0.690078 0.643737 0.107023 0.154004
1 0.763099 0.829569 0.110368 0.110883
1 0.547380 0.789528 0.144928 0.125257
1 0.382386 0.896304 0.098105 0.108830
1 0.383501 0.783368 0.091416 0.121150
1 0.394649 0.651951 0.118172 0.154004
1 0.401895 0.521561 0.101449 0.102669
1 0.524526 0.642710 0.072464 0.106776
1 0.153289 0.275154 0.076923 0.143737
1 0.208473 0.397331 0.104794 0.166324
1 0.466555 0.354209 0.074693 0.195072
3 0.347269 0.511294 0.150502 0.895277
3 0.632107 0.738193 0.169454 0.408624
