2 0.504459 0.503080 0.050167 0.878850
1 0.691750 0.340862 0.085842 0.151951
1 0.717949 0.543121 0.122631 0.240246
1 0.840580 0.625257 0.093645 0.190965
1 0.572464 0.454825 0.050167 0.108830
1 0.642698 0.478439 0.070234 0.098563
1 0.601449 0.591376 0.065775 0.102669
1 0.464883 0.547228 0.093645 0.133470
1 0.458194 0.676591 0.053512 0.121150
1 0.288183 0.240246 0.117057 0.139630
1 0.396878 0.259754 0.073579 0.137577
1 0.313824 0.097536 0.068004 0.075975
1 0.444816 0.152977 0.124861 0.149897
1 0.618729 0.136550 0.080268 0.096509
1 0.613712 0.242300 0.085842 0.119097
