1 0.452620 0.720739 0.080268 0.156057
1 0.519509 0.678645 0.060201 0.244353
1 0.404682 0.828542 0.107023 0.133470
1 0.415831 0.889117 0.102564 0.123203
1 0.327759 0.603696 0.069119 0.135524
1 0.355072 0.496920 0.081382 0.119097
1 0.439799 0.484600 0.094760 0.135524
1 0.537347 0.510267 0.073579 0.104723
1 0.206243 0.228953 0.095875 0.141684
1 0.303790 0.140657 0.139353 0.166324
1 0.437570 0.147844 0.161650 0.156057
1 0.138796 0.227926 0.085842 0.156057
2 0.411929 0.418891 0.326644 0.119097
2 0.150502 0.370637 0.187291 0.244353
2 0.597547 0.430185 0.120401 0.166324
