1 0.314939 0.588296 0.099220 0.190965
1 0.377926 0.524641 0.127090 0.141684
1 0.448161 0.489733 0.086957 0.125257
1 0.529543 0.517454 0.071349 0.078029
1 0.559086 0.702259 0.085842 0.147844
1 0.488294 0.745380 0.140468 0.164271
1 0.406355 0.867556 0.096990 0.154004
1 0.210702 0.199179 0.062430 0.127310
1 0.138239 0.211499 0.078038 0.139630
1 0.230769 0.367556 0.107023 0.106776
1 0.381828 0.126283 0.217391 0.137577
2 0.139353 0.328542 0.176143 0.250513
2 0.424192 0.365503 0.326644 0.078029
2 0.598105 0.442505 0.092531 0.178645
