1 0.696210 0.193018 0.139353 0.234086
1 0.386288 0.556468 0.103679 0.139630
1 0.395206 0.697125 0.121516 0.117043
1 0.375697 0.811088 0.102564 0.164271
1 0.548495 0.686858 0.131550 0.182752
1 0.505574 0.527721 0.085842 0.114990
1 0.453177 0.331622 0.103679 0.158111
1 0.391304 0.420945 0.066890 0.086242
1 0.161650 0.169405 0.095875 0.121150
1 0.213489 0.277207 0.079153 0.114990
1 0.707358 0.579055 0.141583 0.188912
1 0.733556 0.735113 0.078038 0.106776
1 0.869008 0.835729 0.090301 0.131417
2 0.334448 0.506160 0.176143 0.885010
2 0.632107 0.679671 0.193980 0.542094
